NB2020 [gycv] data
06003
06004
06005
06006
06007
06008
06327
06010
06011
06018
06019
06329
06330
06331
06020
06021
06027
06028
06029
06030
06031
06032
06033
06034
06035
06046
06047
06048
06049
06332
06050
06052
06053
06071
06075
06076
06077
06080
06083
06086
06087
06089
06090
06091
06093
06094
06095
06096
06097
06099
06100
06113
06115
06117
06118
06126
06127
06128
06129
06130
06131
06144
06145
06146
06147
06148
06337
06160
06161
06338
06162
06163
06164
06165
06166
06169
06170
06171
06172
06182
06183
06184
06188
06189
06190
06200
06201
06202
06203
06204
06207
06208
06344
06211
06212
06213
06214
06215
06345
06346
06347
06216
06348
06217
06218
06219
06220
06221
06222
06224
06225
06227
06352
06228
06229
06230
06231
06232
06237
06238
06239
06245
06246
06247
06248
06251
06252
06253
06254
06255
06261
06262
06263
06264
06354
06267
06268
06359
06355
06357
06356
06358
06269
06272
06273
06072
06073
06074
06274
06275
06276
06277
06278
06279
06360
06283
06284
06285
06293
06294
06298
06299
06300
06301
06302
06319
06361
06313
06314
06315
06320
06321
