NB2020 [shun] data
01001	0	0	0	0
01002	0	0	0	0
01003	0	0	0	0
01004	0	0	0	0
01005	0	0	0	0
01006	0	0	0	0
01170				
01007	0	0	0	0
01008	0	0	0	0
01009	0	0	0	0
01010	0	0	0	0
01167				
01011	0	0	0	0
01012	0	0	0	0
01013	0	0	0	0
01014	0	0	0	0
01015	0	0	0	0
01016	0	0	0	0
01018	0	0	0	0
01019	0	0	0	0
01020	0	0	0	0
01021	0	0	0	0
01023	0	0	0	0
01146	0	0	0	0
01024	0	0	0	0
01147	0	0	0	0
01025	0	0	0	0
01171				
01172				
01026	0	0	0	0
01174				
01175				
01176				
01206				
01207				
01205				
01028	0	0	0	0
01030	0	0	0	0
01031	0	0	0	0
01032	0	0	0	0
01208				
01033	0	0	0	0
01034	0	0	0	0
01209				
01035	0	0	0	0
01210				
01036	0	0	0	0
01037	0	0	0	0
01148	0	0	0	0
01038	0	0	0	0
01039	0	0	0	0
01186				
01041	0	0	0	0
01042	0	0	0	0
01043	0	0	0	0
01044	0	0	0	0
01045	0	0	0	0
01046	0	0	0	0
01047	0	0	0	0
01048	0	0	0	0
01187				
01049	0	0	0	0
01188				
01050	0	0	0	0
01051	0	0	0	0
01052	0	0	0	0
01053	0	0	0	0
01054	0	0	0	0
01055	0	0	0	0
01056	0	0	0	0
01057	0	0	0	0
01144				
01198				
01189				
01145				
01058	0	0	0	0
01199				
01190				
01193				
01201				
01194				
01191				
01200				
01192				
01060	0	0	0	0
01202				
01061	0	0	0	0
01203				
01195				
01062	0	0	0	0
01204				
01196				
01063	0	0	0	0
01064	0	0	0	0
01173				
01149	0	0	0	0
01065	0	0	0	0
01066	0	0	0	0
01067	0	0	0	0
01068	0	0	0	0
01177				
01070	0	0	0	0
01071	0	0	0	0
01072	0	0	0	0
01073	0	0	0	0
01178				
01074	0	0	0	0
01075	0	0	0	0
01179				
01180				
01076	0	0	0	0
01069	0	0	0	0
01077	0	0	0	0
01078	0	0	0	0
01079	0	0	0	0
01150	0	0	0	0
01080	0	0	0	0
01081	0	0	0	0
01082	0	0	0	0
01083	0	0	0	0
01151	0	0	0	0
01152	0	0	0	0
01084	0	0	0	0
01153	0	0	0	0
01181				
01182				
01085	0	0	0	0
01086	0	0	0	0
01087	0	0	0	0
01168				
01088	0	0	0	0
01154	0	0	0	0
01089	0	0	0	0
01155	0	0	0	0
01183				
01184				
01185				
01090	0	0	0	0
01091	0	0	0	0
01092	0	0	0	0
01093	0	0	0	0
01094	0	0	0	0
01095	0	0	0	0
01096	0	0	0	0
01097	0	0	0	0
01098	0	0	0	0
01099	0	0	0	0
01100	0	0	0	0
01101	0	0	0	0
01102	0	0	0	0
01103	0	0	0	0
01104	0	0	0	0
01105	0	0	0	0
01106	0	0	0	0
01107	0	0	0	0
01108	0	0	0	0
01109	0	0	0	0
01110	0	0	0	0
01156	0	0	0	0
01111	0	0	0	0
01112	0	0	0	0
01113	0	0	0	0
01114	0	0	0	0
01157	0	0	0	0
01158	0	0	0	0
01211				
01212				
01159	0	0	0	0
01160	0	0	0	0
01115	0	0	0	0
01169				
01116	0	0	0	0
01117	0	0	0	0
01118	0	0	0	0
01119	0	0	0	0
01120	0	0	0	0
01121	0	0	0	0
01161	0	0	0	0
01122	0	0	0	0
01123	0	0	0	0
01124	0	0	0	0
01125	0	0	0	0
01126	0	0	0	0
01127	0	0	0	0
01128	0	0	0	0
01197				
01129	0	0	0	0
01130	0	0	0	0
01131	0	0	0	0
01162	0	0	0	0
01132	0	0	0	0
01163	0	0	0	0
01133	0	0	0	0
01164	0	0	0	0
01134	0	0	0	0
01165	0	0	0	0
01135	0	0	0	0
01136	0	0	0	0
01137	0	0	0	0
01138	0	0	0	0
01139	0	0	0	0
01140	0	0	0	0
01141	0	0	0	0
01142	0	0	0	0
01143	0	0	0	0
02068				
02069				
02001	0	0	0	0
02041	0	0	0	0
02002	0	0	0	0
02003	0	0	0	0
02004	0	0	0	0
02042	0	0	0	0
02043	0	0	0	0
02044	0	0	0	0
02005	0	0	0	0
02045	9	12	0	0
02046	0	0	0	0
02047	0	0	0	0
02006	9	12	0	0
02007	0	0	0	0
02008	0	0	0	0
02009	0	0	0	0
02048	0	0	0	0
02049	0	0	0	0
02010	8	12	0	0
02011	0	0	0	0
02012	0	0	0	0
02050	0	0	0	0
02051	0	0	0	0
02052	0	0	0	0
02053	0	0	0	0
02013	0	0	0	0
02014	0	0	0	0
02015	0	0	0	0
02016	0	0	0	0
02063				
02064				
02065				
02017	5	6	10	11
02019	0	0	0	0
02018	0	0	0	0
02066				
02067				
02020	0	0	0	0
02021	0	0	0	0
02054	0	0	0	0
02055	0	0	0	0
02022	0	0	0	0
02023	6	9	0	0
02024	0	0	0	0
02025	0	0	0	0
02026	0	0	0	0
02027	0	0	0	0
02070				
02028	0	0	0	0
02029	0	0	0	0
02030	0	0	0	0
02031	0	0	0	0
02032	0	0	0	0
02033	0	0	0	0
02034	0	0	0	0
02035	0	0	0	0
02036	0	0	0	0
02037	0	0	0	0
02056	0	0	0	0
02038	0	0	0	0
02057	0	0	0	0
02058	0	0	0	0
02059	0	0	0	0
02060	0	0	0	0
02039	0	0	0	0
02061	0	0	0	0
02040	0	0	0	0
02062	0	0	0	0
03001	0	0	0	0
03030				
03002	0	0	0	0
03003	0	0	0	0
03004	0	0	0	0
03005	0	0	0	0
03006	0	0	0	0
03007	0	0	0	0
03008	0	0	0	0
03009	0	0	0	0
03010	0	0	0	0
03011	0	0	0	0
03012	0	0	0	0
03013	0	0	0	0
03014	0	0	0	0
03031				
03032				
03015	0	0	0	0
03024	0	0	0	0
03025	0	0	0	0
03017	0	0	0	0
03018	0	0	0	0
03019	0	0	0	0
03020	0	0	0	0
03026	0	0	0	0
03027	0	0	0	0
03028	0	0	0	0
03029	0	0	0	0
03022	4	5	0	0
03023	0	0	0	0
04001	0	0	0	0
04002	0	0	0	0
04003	0	0	0	0
04004	0	0	0	0
04005	0	0	0	0
04101				
04102				
04103				
04006	0	0	0	0
04007	0	0	0	0
04008	0	0	0	0
04009	0	0	0	0
04010	0	0	0	0
04011	0	0	0	0
04012	0	0	0	0
04013	0	0	0	0
04074	0	0	0	0
04075	0	0	0	0
04014	0	0	0	0
04015	0	0	0	0
04016	0	0	0	0
04017	0	0	0	0
04018	0	0	0	0
04019	0	0	0	0
04020	0	0	0	0
04021	0	0	0	0
04022	0	0	0	0
04076	0	0	0	0
04104				
04105				
04023	0	0	0	0
04024	0	0	0	0
04025	0	0	0	0
04026	0	0	0	0
04027	0	0	0	0
04077	0	0	0	0
04106				
04080	0	0	0	0
04078	0	0	0	0
04079	0	0	0	0
04028	0	0	0	0
04081	0	0	0	0
04082	0	0	0	0
04096				
04029	0	0	0	0
04030	0	0	0	0
04109				
04110				
04083	0	0	0	0
04031	0	0	0	0
04032	0	0	0	0
04097				
04098				
04033	0	0	0	0
04099				
04100				
04034	0	0	0	0
04035	0	0	0	0
04036	0	0	0	0
04037	0	0	0	0
04038	0	0	0	0
04039	0	0	0	0
04040	0	0	0	0
04084	0	0	0	0
04086	0	0	0	0
04085	0	0	0	0
04095				
04041	0	0	0	0
04042	0	0	0	0
04087	0	0	0	0
04043	0	0	0	0
04044	0	0	0	0
04045	0	0	0	0
04088	0	0	0	0
04046	0	0	0	0
04047	0	0	0	0
04048	0	0	0	0
04049	0	0	0	0
04051	0	0	0	0
04089	0	0	0	0
04052	0	0	0	0
04053	0	0	0	0
04054	0	0	0	0
04055	0	0	0	0
04056	0	0	0	0
04057	0	0	0	0
04090	0	0	0	0
04058	0	0	0	0
04059	0	0	0	0
04060	0	0	0	0
04091	0	0	0	0
04061	0	0	0	0
04062	0	0	0	0
04063	0	0	0	0
04064	0	0	0	0
04092	0	0	0	0
04065	0	0	0	0
04066	0	0	0	0
04067	0	0	0	0
04068	0	0	0	0
04069	0	0	0	0
04108				
04070	0	0	0	0
04093	0	0	0	0
04071	0	0	0	0
04072	0	0	0	0
04073	0	0	0	0
04094	0	0	0	0
05001	0	0	0	0
05002	0	0	0	0
05040	0	0	0	0
05003	0	0	0	0
05041	0	0	0	0
05004	0	0	0	0
05005	0	0	0	0
05006	0	0	0	0
05007	0	0	0	0
05008	10	11	0	0
05009	0	0	0	0
05010	9	10	0	0
05011	0	0	0	0
05012	0	0	0	0
05013	0	0	0	0
05014	0	0	0	0
05015	0	0	0	0
05016	0	0	0	0
05017	0	0	0	0
05018	0	0	0	0
05019	0	0	0	0
05042	0	0	0	0
05020	0	0	0	0
05021	0	0	0	0
05046				
05022	0	0	0	0
05023	0	0	0	0
05024	0	0	0	0
05043	0	0	0	0
05025	0	0	0	0
05047				
05048				
05026	0	0	0	0
05027	0	0	0	0
05028	0	0	0	0
05029	0	0	0	0
05030	0	0	0	0
05031	0	0	0	0
05032	0	0	0	0
05033	0	0	0	0
05034	0	0	0	0
05035	0	0	0	0
05044	0	0	0	0
05045	0	0	0	0
05036	0	0	0	0
05037	0	0	0	0
06001	0	0	0	0
06002	0	0	0	0
06003	0	0	0	0
06004	0	0	0	0
06005	3	9	0	0
06006	0	0	0	0
06007	4	6	0	0
06008	0	0	0	0
06327	0	0	0	0
06009	0	0	0	0
06328	0	0	0	0
06010	6	9	0	0
06011	0	0	0	0
06363				
06012	3	5	0	0
06013	0	0	0	0
06014	0	0	0	0
06015	6	8	0	0
06016	0	0	0	0
06017	0	0	0	0
06018	0	0	0	0
06019	0	0	0	0
06329	0	0	0	0
06330	0	0	0	0
06331	0	0	0	0
06020	4	6	0	0
06021	0	0	0	0
06022	0	0	0	0
06023	4	6	0	0
06024	0	0	0	0
06025	0	0	0	0
06374				
06375				
06026	0	0	0	0
06027	0	0	0	0
06028	0	0	0	0
06029	0	0	0	0
06030	0	0	0	0
06031	0	0	0	0
06032	6	7	0	0
06033	0	0	0	0
06034	3	5	0	0
06035	0	0	0	0
06036	3	5	0	0
06037	0	0	0	0
06038	3	5	0	0
06039	0	0	0	0
06040	0	0	0	0
06041	0	0	0	0
06042	0	0	0	0
06043	0	0	0	0
06044	0	0	0	0
06045	0	0	0	0
06046	7	12	0	0
06047	0	0	0	0
06048	7	12	0	0
06049	0	0	0	0
06332	0	0	0	0
06050	0	0	0	0
06051	0	0	0	0
06052	1	1	0	0
06053	0	0	0	0
06054	11	3	0	0
06055	0	0	0	0
06056	0	0	0	0
06057	0	0	0	0
06364				
06058	0	0	0	0
06059	0	0	0	0
06060	0	0	0	0
06061	12	6	0	0
06062	0	0	0	0
06333	0	0	0	0
06063	0	0	0	0
06064	0	0	0	0
06065	6	8	0	0
06066	0	0	0	0
06067	0	0	0	0
06068	0	0	0	0
06069	0	0	0	0
06070	0	0	0	0
06071	0	0	0	0
06075	0	0	0	0
06076	0	0	0	0
06077	3	6	0	0
06078	11	2	0	0
06079	0	0	0	0
06080	0	0	0	0
06081	0	0	0	0
06082	0	0	0	0
06083	4	5	0	0
06084	4	5	11	2
06085	0	0	0	0
06086	12	2	0	0
06087	0	0	0	0
06385				
06088	0	0	0	0
06089	0	0	0	0
06090	0	0	0	0
06091	0	0	0	0
06092	0	0	0	0
06093	6	8	0	0
06094	0	0	0	0
06095	6	9	0	0
06096	0	0	0	0
06097	0	0	0	0
06098	0	0	0	0
06099	11	3	0	0
06100	0	0	0	0
06101	0	0	0	0
06102	6	8	0	0
06103	0	0	0	0
06365				
06366				
06104	0	0	0	0
06105	0	0	0	0
06386				
06106	0	0	0	0
06107	0	0	0	0
06108	0	0	0	0
06109	0	0	0	0
06110	0	0	0	0
06111	0	0	0	0
06112	0	0	0	0
06387				
06113	0	0	0	0
06114	0	0	0	0
06115	0	0	0	0
06116	6	9	0	0
06117	12	4	0	0
06118	0	0	0	0
06119	12	4	0	0
06120	4	6	0	0
06121	0	0	0	0
06122	0	0	0	0
06123	0	0	0	0
06124	4	6	0	0
06125	0	0	0	0
06126	0	0	0	0
06127	0	0	0	0
06128	6	9	0	0
06129	0	0	0	0
06130	11	2	0	0
06131	0	0	0	0
06132	0	0	0	0
06133	0	0	0	0
06134	11	2	0	0
06367				
06368				
06369				
06135	0	0	0	0
06136	0	0	0	0
06334	0	0	0	0
06335	0	0	0	0
06388				
06137	0	0	0	0
06138	0	0	0	0
06139	0	0	0	0
06140	0	0	0	0
06141	0	0	0	0
06142	0	0	0	0
06143	0	0	0	0
06144	0	0	0	0
06145	0	0	0	0
06146	0	0	0	0
06147	0	0	0	0
06148	0	0	0	0
06149	4	5	0	0
06150	0	0	0	0
06151	0	0	0	0
06152	0	0	0	0
06153	3	4	0	0
06154	3	4	0	0
06155	0	0	0	0
06336	0	0	0	0
06389				
06156	6	7	0	0
06337	0	0	0	0
06157	4	5	0	0
06158	0	0	0	0
06159	0	0	0	0
06376				
06377				
06160	9	12	0	0
06161	0	0	0	0
06338	0	0	0	0
06162	0	0	0	0
06163	0	0	0	0
06164	0	0	0	0
06390				
06165	6	10	0	0
06166	0	0	0	0
06167	0	0	0	0
06168	0	0	0	0
06169	8	9	0	0
06170	0	0	0	0
06171	7	9	0	0
06172	0	0	0	0
06173	7	10	0	0
06174	0	0	0	0
06175	7	8	0	0
06176	0	0	0	0
06339	0	0	0	0
06177	0	0	0	0
06178	0	0	0	0
06378				
06379				
06179	0	0	0	0
06180	0	0	0	0
06181	0	0	0	0
06182	6	8	0	0
06183	5	9	0	0
06391				
06370				
06184	0	0	0	0
06185	0	0	0	0
06340	0	0	0	0
06186	0	0	0	0
06341	0	0	0	0
06187	0	0	0	0
06188	0	0	0	0
06189	0	0	0	0
06190	0	0	0	0
06191	7	9	0	0
06192	0	0	0	0
06342	0	0	0	0
06343	0	0	0	0
06193	4	7	0	0
06194	0	0	0	0
06195	0	0	0	0
06196	0	0	0	0
06197	0	0	0	0
06198	0	0	0	0
06199	0	0	0	0
06200	12	3	0	0
06201	0	0	0	0
06202	0	0	0	0
06203	1	3	0	0
06204	0	0	0	0
06205	7	9	0	0
06206	0	0	0	0
06207	3	5	0	0
06208	0	0	0	0
06344	0	0	0	0
06209	5	9	0	0
06210	2	3	0	0
06211	0	0	0	0
06212	10	12	0	0
06213	0	0	0	0
06214	0	0	0	0
06215	0	0	0	0
06345	0	0	0	0
06346	0	0	0	0
06347	10	12	0	0
06216	0	0	0	0
06380				
06381				
06348	0	0	0	0
06217	0	0	0	0
06218	0	0	0	0
06219	0	0	0	0
06220	0	0	0	0
06221	0	0	0	0
06222	0	0	0	0
06223	5	8	0	0
06349	0	0	0	0
06224	5	6	0	0
06225	0	0	0	0
06226	11	2	0	0
06350	0	0	0	0
06351	0	0	0	0
06227	0	0	0	0
06352	0	0	0	0
06228	0	0	0	0
06229	11	2	0	0
06230	0	0	0	0
06231	0	0	0	0
06232	4	6	0	0
06233	11	2	0	0
06234	0	0	0	0
06235	0	0	0	0
06236	0	0	0	0
06237	0	0	0	0
06238	0	0	0	0
06239	3	4	0	0
06240	0	0	0	0
06392				
06241	0	0	0	0
06242	0	0	0	0
06353	0	0	0	0
06243	0	0	0	0
06244	0	0	0	0
06245	6	8	0	0
06246	0	0	0	0
06247	6	8	0	0
06248	0	0	0	0
06393				
06394				
06249	6	8	0	0
06250	0	0	0	0
06251	0	0	0	0
06252	0	0	0	0
06253	0	0	0	0
06254	0	0	0	0
06255	0	0	0	0
06256	4	5	0	0
06257	0	0	0	0
06258	2	3	0	0
06259	0	0	0	0
06260	0	0	0	0
06261	0	0	0	0
06262	0	0	0	0
06263	11	3	0	0
06264	0	0	0	0
06395				
06396				
06397				
06354	0	0	0	0
06265	0	0	0	0
06266	0	0	0	0
06267	11	2	0	0
06268	0	0	0	0
06359	0	0	0	0
06355	0	0	0	0
06357	0	0	0	0
06356	11	2	0	0
06358	0	0	0	0
06269	0	0	0	0
06372				
06373				
06270	0	0	0	0
06271	0	0	0	0
06272	0	0	0	0
06273	0	0	0	0
06072	0	0	0	0
06073	0	0	0	0
06074	0	0	0	0
06274	3	4	0	0
06275	0	0	0	0
06276	3	4	0	0
06277	0	0	0	0
06278	3	4	0	0
06279	0	0	0	0
06360	0	0	0	0
06280	6	10	0	0
06281	0	0	0	0
06282	10	11	0	0
06283	12	1	0	0
06284	0	0	0	0
06285	0	0	0	0
06286	0	0	0	0
06287	0	0	0	0
06288	0	0	0	0
06289	0	0	0	0
06290	0	0	0	0
06398				
06291	0	0	0	0
06292	0	0	0	0
06293	7	8	0	0
06294	0	0	0	0
06401				
06295	0	0	0	0
06296	11	3	0	0
06297	0	0	0	0
06298	0	0	0	0
06299	0	0	0	0
06300	0	0	0	0
06301	0	0	0	0
06302	0	0	0	0
06303	6	7	0	0
06304	0	0	0	0
06305	0	0	0	0
06306	0	0	0	0
06307	0	0	0	0
06308	0	0	0	0
06309	0	0	0	0
06319	4	6	10	12
06310	0	0	0	0
06311	0	0	0	0
06312	4	8	11	12
06361	0	0	0	0
06313	0	0	0	0
06314	0	0	0	0
06315	0	0	0	0
06362	0	0	0	0
06316	0	0	0	0
06317	11	2	0	0
06318	0	0	0	0
06371				
06320	3	4	0	0
06321	0	0	0	0
06322	0	0	0	0
06323	0	0	0	0
06324	2	4	0	0
06325	0	0	0	0
06326	0	0	0	0
06382				
06383				
06384				
06399				
06400				
07001	0	0	0	0
07002	0	0	0	0
07181				
07003	0	0	0	0
07159	0	0	0	0
07004	0	0	0	0
07005	0	0	0	0
07006	0	0	0	0
07007	6	7	0	0
07008	0	0	0	0
07009	0	0	0	0
07010	0	0	0	0
07011	0	0	0	0
07012	4	5	0	0
07013	0	0	0	0
07014	0	0	0	0
07160	0	0	0	0
07015	7	10	0	0
07016	0	0	0	0
07017	0	0	0	0
07019	6	7	0	0
07020	0	0	0	0
07021	0	0	0	0
07022	0	0	0	0
07023	0	0	0	0
07024	0	0	0	0
07025	0	0	0	0
07037	0	0	0	0
07038	0	0	0	0
07039	0	0	0	0
07049	10	11	0	0
07050	0	0	0	0
07051	0	0	0	0
07053	10	11	0	0
07018	1	2	0	0
07026	10	12	0	0
07027	11	1	0	0
07028	10	12	0	0
07029	11	1	0	0
07030	0	0	0	0
07031	0	0	0	0
07032	0	0	0	0
07033	0	0	0	0
07034	0	0	0	0
07035	0	0	0	0
07036	0	0	0	0
07040	1	3	0	0
07041	0	0	0	0
07042	0	0	0	0
07043	0	0	0	0
07044	0	0	0	0
07045	0	0	0	0
07046	0	0	0	0
07047	0	0	0	0
07161	0	0	0	0
07048	0	0	0	0
07052	8	10	0	0
07162	0	0	0	0
07163	0	0	0	0
07056	0	0	0	0
07062	4	5	0	0
07164	4	5	0	0
07063	0	0	0	0
07064	0	0	0	0
07065	0	0	0	0
07066	0	0	0	0
07067	0	0	0	0
07074	0	0	0	0
07075	8	9	12	1
07076	0	0	0	0
07165	2	4	0	0
07078	8	10	0	0
07079	8	10	0	0
07166	0	0	0	0
07085	0	0	0	0
07083	0	0	0	0
07093	4	6	0	0
07094	0	0	0	0
07105	2	3	0	0
07167	0	0	0	0
07112	0	0	0	0
07113	0	0	0	0
07126	0	0	0	0
07127	0	0	0	0
07129	0	0	0	0
07142	7	8	10	12
07143	7	8	10	12
07145	0	0	0	0
07155	12	1	0	0
07156	12	1	0	0
07054	11	7	0	0
07168	0	0	0	0
07183				
07055	0	0	0	0
07057	0	0	0	0
07169	0	0	0	0
07058	0	0	0	0
07059	0	0	0	0
07185				
07061	0	0	0	0
07157	0	0	0	0
07158	0	0	0	0
07170	0	0	0	0
07070	6	7	0	0
07071	0	0	0	0
07072	0	0	0	0
07073	0	0	0	0
07077	7	7	0	0
07171	7	7	0	0
07182				
07060	0	0	0	0
07069	0	0	0	0
07080	0	0	0	0
07081	0	0	0	0
07082	0	0	0	0
07086	0	0	0	0
07111	0	0	0	0
07087	0	0	0	0
07088	8	9	0	0
07089	0	0	0	0
07090	0	0	0	0
07091	0	0	0	0
07092	0	0	0	0
07095	0	0	0	0
07096	0	0	0	0
07097	6	8	0	0
07177				
07098	0	0	0	0
07099	0	0	0	0
07100	0	0	0	0
07101	0	0	0	0
07102	0	0	0	0
07103	0	0	0	0
07104	0	0	0	0
07106	0	0	0	0
07107	0	0	0	0
07108	0	0	0	0
07109	0	0	0	0
07110	0	0	0	0
07114	6	6	0	0
07115	0	0	0	0
07116	7	9	0	0
07178				
07117	0	0	0	0
07118	0	0	0	0
07119	0	0	0	0
07120	0	0	0	0
07121	0	0	0	0
07122	0	0	0	0
07123	0	0	0	0
07124	0	0	0	0
07125	0	0	0	0
07172	0	0	0	0
07128	0	0	0	0
07130	0	0	0	0
07173	0	0	0	0
07131	0	0	0	0
07132	3	8	0	0
07179				
07133	0	0	0	0
07134	0	0	0	0
07135	5	8	0	0
07174	5	8	0	0
07136	7	8	0	0
07184				
07137	0	0	0	0
07138	0	0	0	0
07175	0	0	0	0
07139	0	0	0	0
07140	7	9	0	0
07141	0	0	0	0
07144	0	0	0	0
07146	0	0	0	0
07147	0	0	0	0
07148	10	12	0	0
07176	7	12	0	0
07180				
07149	0	0	0	0
07150	0	0	0	0
07151	0	0	0	0
07152	0	0	0	0
07153	0	0	0	0
07154	0	0	0	0
08001	10	11	0	0
08002	0	0	0	0
08037	0	0	0	0
08003	0	0	0	0
08054				
08004	0	0	0	0
08005	0	0	0	0
08038	0	0	0	0
08006	0	0	0	0
08007	0	0	0	0
08008	0	0	0	0
08009	0	0	0	0
08010	0	0	0	0
08039	3	5	10	11
08040	0	0	0	0
08041	0	0	0	0
08057				
08042	3	5	10	11
08043	0	0	0	0
08044	0	0	0	0
08013	0	0	0	0
08014	0	0	0	0
08053				
08015	0	0	0	0
08045	0	0	0	0
08016	0	0	0	0
08017	0	0	0	0
08046	0	0	0	0
08055				
08056				
08018	9	10	0	0
08047	0	0	0	0
08019	0	0	0	0
08020	10	11	0	0
08021	0	0	0	0
08058				
08022	0	0	0	0
08023	0	0	0	0
08024	0	0	0	0
08025	10	12	0	0
08048	0	0	0	0
08049	0	0	0	0
08050	0	0	0	0
08026	0	0	0	0
08027	0	0	0	0
08028	0	0	0	0
08029	0	0	0	0
08051	0	0	0	0
08030	0	0	0	0
08031	10	12	0	0
08032	0	0	0	0
08052	0	0	0	0
08033	0	0	0	0
08034	9	10	0	0
08036	0	0	0	0
09001	0	0	0	0
09002	0	0	0	0
09003	0	0	0	0
09004	0	0	0	0
09005	0	0	0	0
09006	0	0	0	0
09007	0	0	0	0
09012	0	0	0	0
09008	0	0	0	0
09009	0	0	0	0
09010	0	0	0	0
09011	0	0	0	0
09013	0	0	0	0
09014	0	0	0	0
09015	0	0	0	0
09016	0	0	0	0
09017	0	0	0	0
09056				
09018	0	0	0	0
09019	0	0	0	0
09020	0	0	0	0
09021	0	0	0	0
09022	0	0	0	0
09023	0	0	0	0
09024	0	0	0	0
09025	0	0	0	0
09026	0	0	0	0
09027	0	0	0	0
09028	0	0	0	0
09049	0	0	0	0
09029	0	0	0	0
09030	0	0	0	0
09050	0	0	0	0
09051	0	0	0	0
09052	0	0	0	0
09053	0	0	0	0
09054	0	0	0	0
09055	0	0	0	0
09032	0	0	0	0
09033	0	0	0	0
09034	0	0	0	0
09035	0	0	0	0
09036	0	0	0	0
09037	4	6	0	0
09038	4	6	0	0
09039	3	5	0	0
09040	0	0	0	0
09041	0	0	0	0
09042	0	0	0	0
09043	0	0	0	0
09044	0	0	0	0
09058				
09059				
09045	0	0	0	0
09057				
09046	0	0	0	0
09047	3	4	0	0
10001	0	0	0	0
10002	0	0	0	0
10003	5	7	0	0
10389	0	0	0	0
10004	0	0	0	0
10005	0	0	0	0
10390	0	0	0	0
10006	0	0	0	0
10007	0	0	0	0
10391	0	0	0	0
10392	0	0	0	0
10393	5	7	0	0
10394	0	0	0	0
10008	5	7	0	0
10009	0	0	0	0
10010	0	0	0	0
10011	5	7	0	0
10012	0	0	0	0
10013	0	0	0	0
10014	0	0	0	0
10015	6	8	0	0
10016	0	0	0	0
10017	0	0	0	0
10018	0	0	0	0
10019	0	0	0	0
10020	0	0	0	0
10021	6	8	0	0
10022	0	0	0	0
10023	0	0	0	0
10024	0	0	0	0
10025	6	8	0	0
10026	0	0	0	0
10027	0	0	0	0
10028	0	0	0	0
10029	0	0	0	0
10030	0	0	0	0
10031	12	2	0	0
10032	12	2	0	0
10033	0	0	0	0
10034	0	0	0	0
10035	0	0	0	0
10036	0	0	0	0
10037	5	6	0	0
10038	0	0	0	0
10039	0	0	0	0
10040	0	0	0	0
10041	6	10	0	0
10042	11	2	0	0
10043	0	0	0	0
10044	9	1	0	0
10045	0	0	0	0
10046	0	0	0	0
10047	6	10	0	0
10048	0	0	0	0
10049	0	0	0	0
10395	0	0	0	0
10050	0	0	0	0
10051	0	0	0	0
10052	0	0	0	0
10053	0	0	0	0
10054	0	0	0	0
10396	3	5	9	10
10445				
10055	0	0	0	0
10056	0	0	0	0
10057	0	0	0	0
10058	0	0	0	0
10059	0	0	0	0
10060	0	0	0	0
10061	0	0	0	0
10062	0	0	0	0
10063	0	0	0	0
10064	0	0	0	0
10397	0	0	0	0
10065	0	0	0	0
10066	0	0	0	0
10067	7	7	10	12
10068	0	0	0	0
10069	0	0	0	0
10070	0	0	0	0
10071	0	0	0	0
10072	0	0	0	0
10073	0	0	0	0
10074	0	0	0	0
10075	0	0	0	0
10076	0	0	0	0
10077	0	0	0	0
10078	0	0	0	0
10079	0	0	0	0
10080	0	0	0	0
10081	0	0	0	0
10082	0	0	0	0
10083	6	8	0	0
10084	8	11	0	0
10085	11	12	0	0
10398	0	0	0	0
10086	4	5	0	0
10087	8	9	0	0
10088	11	2	0	0
10089	0	0	0	0
10090	0	0	0	0
10446				
10091	0	0	0	0
10092	0	0	0	0
10093	0	0	0	0
10094	0	0	0	0
10095	0	0	0	0
10096	0	0	0	0
10097	0	0	0	0
10098	6	8	1	2
10099	0	0	0	0
10100	0	0	0	0
10101	0	0	0	0
10102	0	0	0	0
10103	0	0	0	0
10399	0	0	0	0
10104	0	0	0	0
10105	0	0	0	0
10106	0	0	0	0
10107	6	8	0	0
10108	6	9	0	0
10424				
10109	6	8	0	0
10400	0	0	0	0
10110	11	1	0	0
10111	5	6	0	0
10112	0	0	0	0
10113	0	0	0	0
10114	0	0	0	0
10115	0	0	0	0
10401	0	0	0	0
10116	12	2	0	0
10117	0	0	0	0
10118	0	0	0	0
10119	0	0	0	0
10120	0	0	0	0
10121	0	0	0	0
10122	0	0	0	0
10123	0	0	0	0
10124	11	1	0	0
10125	0	0	0	0
10126	0	0	0	0
10127	0	0	0	0
10128	0	0	0	0
10129	0	0	0	0
10130	8	10	0	0
10131	0	0	0	0
10132	2	4	0	0
10133	0	0	0	0
10134	9	11	0	0
10135	0	0	0	0
10136	0	0	0	0
10137	0	0	0	0
10138	0	0	0	0
10139	0	0	0	0
10140	12	3	0	0
10141	12	3	0	0
10142	0	0	0	0
10143	0	0	0	0
10447				
10144	0	0	0	0
10433				
10434				
10435				
10145	0	0	0	0
10436				
10437				
10438				
10439				
10440				
10441				
10442				
10443				
10444				
10146	0	0	0	0
10402	0	0	0	0
10147	0	0	0	0
10148	0	0	0	0
10149	6	8	0	0
10150	0	0	0	0
10151	0	0	0	0
10152	6	8	0	0
10153	0	0	0	0
10154	6	9	0	0
10155	0	0	0	0
10156	0	0	0	0
10403	0	0	0	0
10157	0	0	0	0
10404	0	0	0	0
10405	0	0	0	0
10406	0	0	0	0
10158	0	0	0	0
10159	0	0	0	0
10160	0	0	0	0
10161	0	0	0	0
10162	0	0	0	0
10163	0	0	0	0
10164	0	0	0	0
10165	0	0	0	0
10166	0	0	0	0
10167	0	0	0	0
10168	0	0	0	0
10169	0	0	0	0
10170	3	4	0	0
10171	10	6	0	0
10172	0	0	0	0
10173	9	10	0	0
10407	0	0	0	0
10174	0	0	0	0
10175	0	0	0	0
10176	0	0	0	0
10177	0	0	0	0
10178	0	0	0	0
10179	0	0	0	0
10180	11	12	0	0
10181	0	0	0	0
10182	0	0	0	0
10183	0	0	0	0
10184	0	0	0	0
10185	0	0	0	0
10186	2	4	0	0
10187	0	0	0	0
10188	6	8	0	0
10189	10	3	0	0
10190	0	0	0	0
10191	5	7	0	0
10192	12	3	0	0
10193	12	3	0	0
10194	0	0	0	0
10195	0	0	0	0
10408	0	0	0	0
10196	0	0	0	0
10197	0	0	0	0
10198	7	11	0	0
10199	12	2	0	0
10409	0	0	0	0
10200	0	0	0	0
10201	0	0	0	0
10202	11	1	0	0
10203	0	0	0	0
10204	0	0	0	0
10205	12	2	0	0
10206	0	0	0	0
10207	0	0	0	0
10208	0	0	0	0
10209	0	0	0	0
10210	0	0	0	0
10448				
10211	0	0	0	0
10213	6	7	0	0
10214	0	0	0	0
10215	6	7	0	0
10421				
10422				
10212	0	0	0	0
10216	0	0	0	0
10217	0	0	0	0
10218	10	12	0	0
10219	0	0	0	0
10220	0	0	0	0
10221	0	0	0	0
10222	3	4	0	0
10223	0	0	0	0
10224	0	0	0	0
10225	0	0	0	0
10226	0	0	0	0
10227	0	0	0	0
10228	10	12	0	0
10229	0	0	0	0
10230	0	0	0	0
10231	7	7	10	11
10233	0	0	0	0
10234	11	12	0	0
10235	0	0	0	0
10410	0	0	0	0
10236	10	3	0	0
10237	12	3	0	0
10238	0	0	0	0
10239	0	0	0	0
10240	0	0	0	0
10449				
10241	12	1	0	0
10242	0	0	0	0
10243	11	1	0	0
10411	0	0	0	0
10244	12	3	0	0
10245	0	0	0	0
10246	0	0	0	0
10247	0	0	0	0
10248	0	0	0	0
10412	0	0	0	0
10249	10	1	0	0
10250	0	0	0	0
10251	0	0	0	0
10252	0	0	0	0
10253	0	0	0	0
10254	0	0	0	0
10450				
10451				
10452				
10453				
10454				
10455				
10456				
10255	0	0	0	0
10256	0	0	0	0
10257	0	0	0	0
10258	0	0	0	0
10425				
10426				
10260	0	0	0	0
10261	0	0	0	0
10262	0	0	0	0
10263	0	0	0	0
10264	0	0	0	0
10265	0	0	0	0
10266	0	0	0	0
10232	0	0	0	0
10267	0	0	0	0
10268	0	0	0	0
10269	0	0	0	0
10270	0	0	0	0
10271	4	6	0	0
10272	0	0	0	0
10273	0	0	0	0
10274	0	0	0	0
10275	0	0	0	0
10276	1	3	0	0
10277	0	0	0	0
10278	0	0	0	0
10279	12	3	0	0
10280	0	0	0	0
10281	2	4	0	0
10282	0	0	0	0
10283	0	0	0	0
10284	0	0	0	0
10427				
10428				
10429				
10286	0	0	0	0
10287	0	0	0	0
10288	0	0	0	0
10289	0	0	0	0
10290	0	0	0	0
10291	0	0	0	0
10292	12	4	0	0
10293	12	4	0	0
10430				
10294	0	0	0	0
10295	5	8	0	0
10296	0	0	0	0
10318	0	0	0	0
10297	7	7	1	2
10413	0	0	0	0
10298	0	0	0	0
10299	0	0	0	0
10300	0	0	0	0
10301	0	0	0	0
10303	4	7	0	0
10304	0	0	0	0
10305	2	4	0	0
10306	1	3	0	0
10307	0	0	0	0
10308	0	0	0	0
10309	0	0	0	0
10310	2	4	0	0
10311	0	0	0	0
10312	0	0	0	0
10313	0	0	0	0
10414	0	0	0	0
10314	0	0	0	0
10315	0	0	0	0
10316	0	0	0	0
10317	0	0	0	0
10319	1	2	0	0
10320	6	9	0	0
10321	0	0	0	0
10322	0	0	0	0
10323	0	0	0	0
10431				
10324	0	0	0	0
10325	0	0	0	0
10326	0	0	0	0
10327	0	0	0	0
10328	0	0	0	0
10415	0	0	0	0
10416	0	0	0	0
10329	0	0	0	0
10330	0	0	0	0
10331	0	0	0	0
10332	0	0	0	0
10333	4	1	0	0
10334	0	0	0	0
10335	1	3	0	0
10336	0	0	0	0
10337	0	0	0	0
10338	11	2	0	0
10339	0	0	0	0
10340	0	0	0	0
10341	0	0	0	0
10342	0	0	0	0
10343	0	0	0	0
10344	4	6	0	0
10345	6	10	0	0
10346	0	0	0	0
10347	0	0	0	0
10417	0	0	0	0
10418	0	0	0	0
10419	0	0	0	0
10420	0	0	0	0
10348	4	5	0	0
10349	0	0	0	0
10350	0	0	0	0
10351	0	0	0	0
10352	12	3	0	0
10353	0	0	0	0
10354	0	0	0	0
10355	0	0	0	0
10356	0	0	0	0
10357	0	0	0	0
10358	0	0	0	0
10359	0	0	0	0
10360	12	3	0	0
10361	4	8	0	0
10362	0	0	0	0
10432				
10363	0	0	0	0
10364	0	0	0	0
10365	5	8	0	0
10366	0	0	0	0
10367	0	0	0	0
10368	0	0	0	0
10369	0	0	0	0
10370	0	0	0	0
10371	0	0	0	0
10372	0	0	0	0
10373	0	0	0	0
10374	1	7	0	0
10375	0	0	0	0
10376	0	0	0	0
10423				
10377	0	0	0	0
10378	0	0	0	0
10379	0	0	0	0
10380	0	0	0	0
10381	0	0	0	0
10382	0	0	0	0
10383	0	0	0	0
10384	0	0	0	0
10385	0	0	0	0
10386	0	0	0	0
10387	0	0	0	0
10388	0	0	0	0
11001	0	0	0	0
11002	0	0	0	0
11003	0	0	0	0
11004	0	0	0	0
11005	0	0	0	0
11006	0	0	0	0
11007	0	0	0	0
11008	0	0	0	0
11009	0	0	0	0
11010	0	0	0	0
11011	0	0	0	0
11249	0	0	0	0
11248	0	0	0	0
11012	0	0	0	0
11013	0	0	0	0
11014	0	0	0	0
11015	0	0	0	0
11016	0	0	0	0
11017	0	0	0	0
11018	0	0	0	0
11019	0	0	0	0
11020	0	0	0	0
11251	0	0	0	0
11250	0	0	0	0
11021	0	0	0	0
11022	0	0	0	0
11023	0	0	0	0
11024	0	0	0	0
11025	0	0	0	0
11026	0	0	0	0
11027	0	0	0	0
11028	0	0	0	0
11029	0	0	0	0
11030	0	0	0	0
11309				
11310				
11031	0	0	0	0
11032	0	0	0	0
11301				
11302				
11033	0	0	0	0
11034	0	0	0	0
11035	0	0	0	0
11036	0	0	0	0
11037	0	0	0	0
11039	0	0	0	0
11038	0	0	0	0
11040	0	0	0	0
11041	0	0	0	0
11042	0	0	0	0
11043	0	0	0	0
11044	0	0	0	0
11045	0	0	0	0
11046	0	0	0	0
11252	0	0	0	0
11047	0	0	0	0
11048	0	0	0	0
11050	0	0	0	0
11049	0	0	0	0
11051	0	0	0	0
11052	0	0	0	0
11053	0	0	0	0
11054	0	0	0	0
11055	0	0	0	0
11056	0	0	0	0
11057	0	0	0	0
11058	0	0	0	0
11059	0	0	0	0
11253	0	0	0	0
11254	0	0	0	0
11256	0	0	0	0
11255	0	0	0	0
11257	0	0	0	0
11258	0	0	0	0
11259	0	0	0	0
11260	0	0	0	0
11261	0	0	0	0
11262	0	0	0	0
11264	0	0	0	0
11263	0	0	0	0
11265	0	0	0	0
11266	0	0	0	0
11267	0	0	0	0
11060	0	0	0	0
11061	0	0	0	0
11062	0	0	0	0
11063	0	0	0	0
11064	0	0	0	0
11065	0	0	0	0
11066	0	0	0	0
11067	0	0	0	0
11269	0	0	0	0
11268	0	0	0	0
11068	0	0	0	0
11069	0	0	0	0
11070	0	0	0	0
11071	0	0	0	0
11072	0	0	0	0
11073	0	0	0	0
11074	0	0	0	0
11075	0	0	0	0
11076	0	0	0	0
11271	0	0	0	0
11270	0	0	0	0
11077	0	0	0	0
11078	0	0	0	0
11079	0	0	0	0
11080	0	0	0	0
11081	0	0	0	0
11082	0	0	0	0
11083	0	0	0	0
11084	0	0	0	0
11085	0	0	0	0
11086	0	0	0	0
11087	0	0	0	0
11088	0	0	0	0
11089	0	0	0	0
11272	0	0	0	0
11090	0	0	0	0
11273	0	0	0	0
11091	0	0	0	0
11092	0	0	0	0
11093	0	0	0	0
11094	0	0	0	0
11095	0	0	0	0
11096	0	0	0	0
11097	0	0	0	0
11098	0	0	0	0
11099	0	0	0	0
11100	0	0	0	0
11101	0	0	0	0
11102	0	0	0	0
11103	0	0	0	0
11274	0	0	0	0
11296				
11297				
11104	0	0	0	0
11105	0	0	0	0
11106	0	0	0	0
11107	0	0	0	0
11108	0	0	0	0
11109	0	0	0	0
11110	0	0	0	0
11111	0	0	0	0
11112	0	0	0	0
11113	0	0	0	0
11114	0	0	0	0
11275	0	0	0	0
11294				
11295				
11115	0	0	0	0
11116	0	0	0	0
11117	0	0	0	0
11118	0	0	0	0
11119	0	0	0	0
11120	0	0	0	0
11121	0	0	0	0
11122	0	0	0	0
11123	0	0	0	0
11125	0	0	0	0
11124	0	0	0	0
11276	0	0	0	0
11126	0	0	0	0
11127	0	0	0	0
11128	0	0	0	0
11129	0	0	0	0
11277	0	0	0	0
11130	0	0	0	0
11131	0	0	0	0
11133	0	0	0	0
11132	0	0	0	0
11134	0	0	0	0
11135	0	0	0	0
11136	0	0	0	0
11137	0	0	0	0
11138	0	0	0	0
11139	0	0	0	0
11140	0	0	0	0
11278	0	0	0	0
11279	0	0	0	0
11141	0	0	0	0
11142	0	0	0	0
11143	0	0	0	0
11144	0	0	0	0
11145	0	0	0	0
11146	0	0	0	0
11147	0	0	0	0
11148	0	0	0	0
11149	0	0	0	0
11150	0	0	0	0
11151	0	0	0	0
11152	0	0	0	0
11153	0	0	0	0
11154	0	0	0	0
11155	0	0	0	0
11156	0	0	0	0
11157	0	0	0	0
11158	0	0	0	0
11159	0	0	0	0
11160	0	0	0	0
11161	0	0	0	0
11162	0	0	0	0
11163	0	0	0	0
11280	0	0	0	0
11164	0	0	0	0
11165	0	0	0	0
11166	0	0	0	0
11167	0	0	0	0
11168	0	0	0	0
11169	0	0	0	0
11170	0	0	0	0
11171	0	0	0	0
11172	0	0	0	0
11173	0	0	0	0
11174	0	0	0	0
11175	0	0	0	0
11176	0	0	0	0
11303				
11304				
11305				
11177	0	0	0	0
11181	0	0	0	0
11182	0	0	0	0
11178	0	0	0	0
11180	0	0	0	0
11183	0	0	0	0
11184	0	0	0	0
11185	0	0	0	0
11186	0	0	0	0
11306				
11307				
11308				
11187	0	0	0	0
11188	0	0	0	0
11189	0	0	0	0
11190	0	0	0	0
11191	0	0	0	0
11192	0	0	0	0
11193	0	0	0	0
11194	0	0	0	0
11195	0	0	0	0
11196	0	0	0	0
11197	0	0	0	0
11198	0	0	0	0
11199	0	0	0	0
11281	0	0	0	0
11245				
11200	0	0	0	0
11201	0	0	0	0
11202	0	0	0	0
11282	0	0	0	0
11246				
11203	0	0	0	0
11283	0	0	0	0
11179	0	0	0	0
11204	0	0	0	0
11207	0	0	0	0
11239	0	0	0	0
11208	0	0	0	0
11205	0	0	0	0
11206	0	0	0	0
11247	0	0	0	0
11284	0	0	0	0
11209	0	0	0	0
11210	0	0	0	0
11211	0	0	0	0
11212	0	0	0	0
11213	0	0	0	0
11214	0	0	0	0
11215	0	0	0	0
11216	0	0	0	0
11217	0	0	0	0
11218	0	0	0	0
11285	0	0	0	0
11286	0	0	0	0
11219	0	0	0	0
11287	0	0	0	0
11220	0	0	0	0
11288	0	0	0	0
11221	0	0	0	0
11223	0	0	0	0
11222	0	0	0	0
11289	0	0	0	0
11224	0	0	0	0
11226	0	0	0	0
11225	0	0	0	0
11290	0	0	0	0
11227	0	0	0	0
11229	0	0	0	0
11228	0	0	0	0
11298				
11300				
11299				
11230	0	0	0	0
11291	0	0	0	0
11231	0	0	0	0
11232	0	0	0	0
11233	0	0	0	0
11234	0	0	0	0
11235	0	0	0	0
11236	0	0	0	0
11237	0	0	0	0
11292	0	0	0	0
11293	0	0	0	0
11238	0	0	0	0
11240	0	0	0	0
11241	0	0	0	0
11242	0	0	0	0
11243	0	0	0	0
11244	0	0	0	0
12020	0	0	0	0
12001	0	0	0	0
12002	0	0	0	0
12003	0	0	0	0
12004	0	0	0	0
12005	0	0	0	0
12006	0	0	0	0
12021				
12022				
12023				
12007	0	0	0	0
12008	0	0	0	0
12009	0	0	0	0
12010	0	0	0	0
12011	0	0	0	0
12012	0	0	0	0
12013	0	0	0	0
12014	0	0	0	0
12015	0	0	0	0
12016	0	0	0	0
12017	0	0	0	0
12018	0	0	0	0
12019	0	0	0	0
13001	0	0	0	0
13002	0	0	0	0
13003	0	0	0	0
13006	0	0	0	0
13004	0	0	0	0
13005	0	0	0	0
13059				
13007	0	0	0	0
13008	0	0	0	0
13009	0	0	0	0
13010	0	0	0	0
13011	0	0	0	0
13012	0	0	0	0
13013	0	0	0	0
13014	0	0	0	0
13015	0	0	0	0
13016	0	0	0	0
13017	0	0	0	0
13018	0	0	0	0
13019	0	0	0	0
13020	0	0	0	0
13021	0	0	0	0
13022	0	0	0	0
13023	0	0	0	0
13024	0	0	0	0
13025	0	0	0	0
13053	0	0	0	0
13054	0	0	0	0
13026	0	0	0	0
13027	0	0	0	0
13028	0	0	0	0
13029	0	0	0	0
13030	0	0	0	0
13031	0	0	0	0
13032	0	0	0	0
13033	0	0	0	0
13034	0	0	0	0
13035	0	0	0	0
13036	0	0	0	0
13037	0	0	0	0
13038	0	0	0	0
13039	0	0	0	0
13055	0	0	0	0
13056	0	0	0	0
13057	0	0	0	0
13058	0	0	0	0
13040	0	0	0	0
13041	0	0	0	0
13042	0	0	0	0
13043	0	0	0	0
13044	0	0	0	0
13045	0	0	0	0
13046	0	0	0	0
13047	0	0	0	0
13048	0	0	0	0
13049	0	0	0	0
13050	0	0	0	0
13051	0	0	0	0
13052	0	0	0	0
14023	0	0	0	0
14024	0	0	0	0
14001	0	0	0	0
14002	0	0	0	0
14003	0	0	0	0
14004	0	0	0	0
14025	0	0	0	0
14005	0	0	0	0
14006	0	0	0	0
14007	0	0	0	0
14008	0	0	0	0
14009	0	0	0	0
14010	0	0	0	0
14011	0	0	0	0
14026	0	0	0	0
14027	0	0	0	0
14028	0	0	0	0
14012	0	0	0	0
14013	0	0	0	0
14014	0	0	0	0
14015	0	0	0	0
14016	0	0	0	0
14032				
14017	0	0	0	0
14018	0	0	0	0
14019	0	0	0	0
14020	0	0	0	0
14033				
14029	0	0	0	0
14034				
14021	0	0	0	0
14022	0	0	0	0
14030	0	0	0	0
14031	0	0	0	0
15001	0	0	0	0
15002	0	0	0	0
15003	0	0	0	0
15005	0	0	0	0
15145				
15146				
15006	0	0	0	0
15147				
15007	0	0	0	0
15148				
15008	0	0	0	0
15149				
15009	0	0	0	0
15010	0	0	0	0
15011	0	0	0	0
15012	0	0	0	0
15013	0	0	0	0
15014	0	0	0	0
15015	0	0	0	0
15016	0	0	0	0
15017	0	0	0	0
15150				
15018	0	0	0	0
15151				
15019	0	0	0	0
15121	0	0	0	0
15122	0	0	0	0
15020	0	0	0	0
15123	0	0	0	0
15022	0	0	0	0
15153				
15021	0	0	0	0
15152				
15124	0	0	0	0
15154				
15143				
15144				
15023	0	0	0	0
15155				
15024	0	0	0	0
15025	0	0	0	0
15026	0	0	0	0
15156				
15027	0	0	0	0
15157				
15004	0	0	0	0
15158				
15028	0	0	0	0
15029	0	0	0	0
15159				
15160				
15161				
15030	0	0	0	0
15162				
15031	0	0	0	0
15163				
15032	0	0	0	0
15164				
15033	0	0	0	0
15165				
15034	0	0	0	0
15166				
15035	0	0	0	0
15036	0	0	0	0
15167				
15037	0	0	0	0
15038	0	0	0	0
15039	0	0	0	0
15040	0	0	0	0
15041	0	0	0	0
15042	0	0	0	0
15043	0	0	0	0
15044	0	0	0	0
15045	0	0	0	0
15046	0	0	0	0
15047	0	0	0	0
15048	0	0	0	0
15049	0	0	0	0
15050	0	0	0	0
15051	0	0	0	0
15052	0	0	0	0
15053	0	0	0	0
15056	0	0	0	0
15055	0	0	0	0
15057	0	0	0	0
15058	0	0	0	0
15059	0	0	0	0
15060	0	0	0	0
15061	0	0	0	0
15062	0	0	0	0
15063	0	0	0	0
15064	0	0	0	0
15065	0	0	0	0
15066	0	0	0	0
15067	0	0	0	0
15068	0	0	0	0
15125	0	0	0	0
15069	0	0	0	0
15168				
15126	0	0	0	0
15169				
15127	0	0	0	0
15128	0	0	0	0
15129	0	0	0	0
15070	0	0	0	0
15130	0	0	0	0
15071	0	0	0	0
15072	0	0	0	0
15131	0	0	0	0
15132	0	0	0	0
15181				
15073	0	0	0	0
15074	0	0	0	0
15075	0	0	0	0
15170				
15133	0	0	0	0
15134	0	0	0	0
15135	0	0	0	0
15182				
15076	0	0	0	0
15183				
15184				
15171				
15172				
15185				
15173				
15077	0	0	0	0
15174				
15175				
15176				
15078	0	0	0	0
15177				
15178				
15179				
15079	0	0	0	0
15080	0	0	0	0
15081	0	0	0	0
15082	0	0	0	0
15083	0	0	0	0
15084	0	0	0	0
15085	0	0	0	0
15086	0	0	0	0
15136	0	0	0	0
15142				
15087	0	0	0	0
15088	0	0	0	0
15089	0	0	0	0
15090	0	0	0	0
15091	0	0	0	0
15092	0	0	0	0
15141	0	0	0	0
15093	0	0	0	0
15094	0	0	0	0
15095	0	0	0	0
15054	0	0	0	0
15097	0	0	0	0
15098	0	0	0	0
15099	0	0	0	0
15096	0	0	0	0
15100	0	0	0	0
15101	0	0	0	0
15102	0	0	0	0
15103	0	0	0	0
15104	0	0	0	0
15109	0	0	0	0
15105	0	0	0	0
15107	0	0	0	0
15108	0	0	0	0
15110	0	0	0	0
15111	0	0	0	0
15112	0	0	0	0
15113	0	0	0	0
15106	0	0	0	0
15137	0	0	0	0
15114	0	0	0	0
15115	0	0	0	0
15116	0	0	0	0
15117	0	0	0	0
15118	0	0	0	0
15119	0	0	0	0
15120	0	0	0	0
15138	0	0	0	0
15139	0	0	0	0
15140	0	0	0	0
15180				
16001	0	0	0	0
16002	0	0	0	0
16003	0	0	0	0
16004	0	0	0	0
16005	0	0	0	0
16006	0	0	0	0
16007	0	0	0	0
16008	0	0	0	0
16009	0	0	0	0
16010	0	0	0	0
16011	0	0	0	0
16012	0	0	0	0
16013	0	0	0	0
16014	0	0	0	0
16015	0	0	0	0
16060				
16016	0	0	0	0
16017	0	0	0	0
16018	0	0	0	0
16019	0	0	0	0
16020	0	0	0	0
16021	0	0	0	0
16022	0	0	0	0
16023	0	0	0	0
16024	0	0	0	0
16025	0	0	0	0
16026	0	0	0	0
16059				
16027	0	0	0	0
16028	0	0	0	0
16029	0	0	0	0
16030	0	0	0	0
16031	0	0	0	0
16032	0	0	0	0
16033	0	0	0	0
16034	0	0	0	0
16035	0	0	0	0
16036	0	0	0	0
16037	0	0	0	0
16038	0	0	0	0
16039	0	0	0	0
16040	0	0	0	0
16041	0	0	0	0
16042	0	0	0	0
16043	0	0	0	0
16044	0	0	0	0
16045	0	0	0	0
16046	0	0	0	0
16047	0	0	0	0
16048	0	0	0	0
16049	0	0	0	0
16056	0	0	0	0
16050	0	0	0	0
16051	0	0	0	0
16057	0	0	0	0
16052	0	0	0	0
16053	0	0	0	0
16054	0	0	0	0
16058	0	0	0	0
16055	0	0	0	0
16061				
17001	0	0	0	0
17002	0	0	0	0
17003	0	0	0	0
17085	0	0	0	0
17004	0	0	0	0
17005	0	0	0	0
17006	0	0	0	0
17007	0	0	0	0
17086	0	0	0	0
17008	0	0	0	0
17139				
17009	0	0	0	0
17010	0	0	0	0
17011	0	0	0	0
17087	0	0	0	0
17088	0	0	0	0
17012	0	0	0	0
17013	0	0	0	0
17146				
17147				
17014	0	0	0	0
17089	0	0	0	0
17090	0	0	0	0
17015	0	0	0	0
17016	0	0	0	0
17091	0	0	0	0
17017	0	0	0	0
17018	0	0	0	0
17130				
17019	0	0	0	0
17131				
17020	0	0	0	0
17132				
17021	0	0	0	0
17148				
17022	0	0	0	0
17023	0	0	0	0
17024	0	0	0	0
17025	0	0	0	0
17026	0	0	0	0
17027	0	0	0	0
17092	0	0	0	0
17093	0	0	0	0
17028	0	0	0	0
17140				
17029	0	0	0	0
17141				
17030	0	0	0	0
17142				
17143				
17094	0	0	0	0
17095	0	0	0	0
17031	0	0	0	0
17096	0	0	0	0
17133				
17134				
17135				
17107	0	0	0	0
17097	0	0	0	0
17098	0	0	0	0
17099	0	0	0	0
17100	0	0	0	0
17101	0	0	0	0
17102	0	0	0	0
17103	0	0	0	0
17104	0	0	0	0
17105	0	0	0	0
17106	0	0	0	0
17108	0	0	0	0
17109	0	0	0	0
17110	0	0	0	0
17137				
17032	0	0	0	0
17111	0	0	0	0
17033	0	0	0	0
17144				
17112	0	0	0	0
17113	0	0	0	0
17114	0	0	0	0
17115	0	0	0	0
17034	0	0	0	0
17035	0	0	0	0
17036	0	0	0	0
17037	0	0	0	0
17038	0	0	0	0
17042	0	0	0	0
17043	0	0	0	0
17118	0	0	0	0
17040	0	0	0	0
17116	0	0	0	0
17039	0	0	0	0
17117	0	0	0	0
17041	0	0	0	0
17149				
17044	0	0	0	0
17045	0	0	0	0
17046	0	0	0	0
17120	0	0	0	0
17145				
17047	0	0	0	0
17048	0	0	0	0
17119	0	0	0	0
17049	0	0	0	0
17050	0	0	0	0
17121	0	0	0	0
17122	0	0	0	0
17123	0	0	0	0
17124	0	0	0	0
17051	0	0	0	0
17052	0	0	0	0
17125	0	0	0	0
17136				
17053	0	0	0	0
17126	0	0	0	0
17127	0	0	0	0
17054	0	0	0	0
17138				
17055	0	0	0	0
17056	0	0	0	0
17057	0	0	0	0
17058	0	0	0	0
17059	0	0	0	0
17060	0	0	0	0
17061	0	0	0	0
17062	0	0	0	0
17063	0	0	0	0
17064	0	0	0	0
17065	0	0	0	0
17066	0	0	0	0
17067	0	0	0	0
17068	0	0	0	0
17069	0	0	0	0
17070	0	0	0	0
17071	0	0	0	0
17072	0	0	0	0
17073	0	0	0	0
17074	0	0	0	0
17075	0	0	0	0
17128	0	0	0	0
17076	0	0	0	0
17077	0	0	0	0
17078	0	0	0	0
17079	0	0	0	0
17080	0	0	0	0
17081	0	0	0	0
17082	0	0	0	0
17083	0	0	0	0
17084	0	0	0	0
18024				
18025				
18026				
18028				
18027				
18029				
18030				
18031				
18032				
18033				
18034				
18035				
18036				
18037				
18038				
18023				
18040				
18001	0	0	0	0
18041				
18043				
18044				
18018	0	0	0	0
18045				
18011	0	0	0	0
18015	0	0	0	0
18042				
18005	0	0	0	0
18007	0	0	0	0
18004	0	0	0	0
18014	0	0	0	0
18003	0	0	0	0
18050				
18051				
18052				
18008	0	0	0	0
18009	0	0	0	0
18006	0	0	0	0
18010	0	0	0	0
18016	0	0	0	0
18019	0	0	0	0
18020	0	0	0	0
18021	0	0	0	0
18022	0	0	0	0
18002	0	0	0	0
18012	0	0	0	0
18046				
18047				
18048				
18049				
18039				
P00001	0	0	0	0
P13001	0	0	0	0
P14001	0	0	0	0
P00002	0	0	0	0
P00003	0	0	0	0
U00001	0	0	0	0
P00004	0	0	0	0
P07001	0	0	0	0
P00005	0	0	0	0
P00006	0	0	0	0
P09001	0	0	0	0
P06001	0	0	0	0
U00001	0	0	0	0
P17002	0	0	0	0
P01001	0	0	0	0
P17003	0	0	0	0
P17004	0	0	0	0
P07002	0	0	0	0
P00007	0	0	0	0
P16001	0	0	0	0
P17005	0	0	0	0
U17001	0	0	0	0
P13002	0	0	0	0
P01002	0	0	0	0
U02001	0	0	0	0
U00001	0	0	0	0
U00002	0	0	0	0
P06002	0	0	0	0
P16002	0	0	0	0
P16003	0	0	0	0
P16004	0	0	0	0
P16005	0	0	0	0
P16006	0	0	0	0
P16007	0	0	0	0
P16008	0	0	0	0
P11001	0	0	0	0
P16009	0	0	0	0
P16010	0	0	0	0
P16011	0	0	0	0
P16012	0	0	0	0
P16013	0	0	0	0
P01003	0	0	0	0
P17006	0	0	0	0
P01004	0	0	0	0
P16014	0	0	0	0
P16015	0	0	0	0
P17007	0	0	0	0
P17008	0	0	0	0
P03001	0	0	0	0
U16001	0	0	0	0
P00008	0	0	0	0
U15001	0	0	0	0
U16002	0	0	0	0
P00009	0	0	0	0
P17009	0	0	0	0
P17010	0	0	0	0
P17010	0	0	0	0
P17010	0	0	0	0
P01005	0	0	0	0
P15001	0	0	0	0
P15002	0	0	0	0
P15003	0	0	0	0
P17011	0	0	0	0
P16016	0	0	0	0
P17012	0	0	0	0
P18001	0	0	0	0
P15004	0	0	0	0
P15005	0	0	0	0
P06002	0	0	0	0
P06003	0	0	0	0
P00010	0	0	0	0
P00011	0	0	0	0
P16017	0	0	0	0
P03002	0	0	0	0
P01006	0	0	0	0
P03003	0	0	0	0
U12001	0	0	0	0
P06004	0	0	0	0
P10001	0	0	0	0
P03004	0	0	0	0
P16018	0	0	0	0
P16019	0	0	0	0
P16020	0	0	0	0
P15006	0	0	0	0
P16021	0	0	0	0
P16022	0	0	0	0
P00012	0	0	0	0
P00015	0	0	0	0
P15007	0	0	0	0
P15008	0	0	0	0
P15009	0	0	0	0
P15010	0	0	0	0
U18001	0	0	0	0
P18002	0	0	0	0
P18003	0	0	0	0
P04001	0	0	0	0
P18004	0	0	0	0
P01007				
P06005				
P06006				
P15011				
U10001				
U10002				
P00016				
U17013				
P00017				
P11002				
P00018				
P17014				
P15012				
P16023				
P09002				
P15013				
P15014				
P15015				
P03005				
P00019				
P00020				
P00021				
P17015				
P17016				
P17017				
P17018				
P00022				
P00023				
P17019				
P17020				
P17021				
P17022				
P15016				
P15017				
P15018				
P15019				
P16024				
P16025				
P16026				
P16027				
P16028				
P16029				
P15020				
P15021				
P13003				
P15022				
P17023				
P17024				
P15023				
P15024				
P15025				
P17025				
P17026				
P06007				
P15026				
P06008				
P06009				
P17027				
P17028				
P17029				
P16030				
P16031				
P15027				
P15028				
P11003				
P15029				
P15030				
P15031				
P17030				
P15032				
P16032				
P10002				
P06010				
P10003				
P09003				
P16033				
P13004				
P17031				
P06011				
P17032				
P01008				
P00024				
P15033				
P17033				
P17034				
P15034				
P15035				
P16034				
P15036				
P15037				
P15038				
P15039				
P16035				
P16036				
P15040				
P15041				
P16037				
P03006				
P14002				
P17035				
P17036				
P17037				
P01009				
P07003				
P04002				
P07004				
P16038				
P16039				
P17038				
